a = 1.41144
b = 1.87036
